# beta0 SBMF_FSR_HWHM_over_value_at_beta_ref_0p30
0.000000000000000000e+00 7.900563191238856309e-01
7.499999999999999722e-03 7.683554569500010700e-01
1.499999999999999944e-02 7.775649273527615035e-01
2.249999999999999917e-02 8.051175154159395664e-01
2.999999999999999889e-02 8.068256420191366463e-01
3.749999999999999861e-02 8.233126744033122391e-01
4.499999999999999833e-02 8.411706666886205053e-01
5.249999999999999806e-02 7.870702810681623474e-01
5.999999999999999778e-02 7.703377488104825588e-01
6.750000000000000444e-02 7.943007916229508636e-01
7.499999999999999722e-02 8.222926305064203190e-01
8.249999999999999001e-02 8.784165345641770095e-01
8.999999999999999667e-02 8.623619183254483955e-01
9.750000000000000333e-02 8.033789236703218206e-01
1.049999999999999961e-01 7.849949076803147685e-01
1.124999999999999889e-01 8.076006629428641448e-01
1.199999999999999956e-01 8.713570913851181876e-01
1.275000000000000022e-01 9.209175237189634045e-01
1.350000000000000089e-01 8.548895316763841512e-01
1.424999999999999878e-01 8.110169726793760026e-01
1.499999999999999944e-01 8.237511678512581259e-01
1.575000000000000011e-01 8.647536874439714083e-01
1.649999999999999800e-01 9.356408786226519947e-01
1.724999999999999867e-01 8.923797373057776872e-01
1.799999999999999933e-01 nan
1.875000000000000000e-01 nan
1.950000000000000067e-01 nan
2.024999999999999856e-01 nan
2.099999999999999922e-01 nan
2.174999999999999989e-01 nan
2.249999999999999778e-01 nan
2.324999999999999845e-01 nan
2.399999999999999911e-01 nan
2.474999999999999978e-01 nan
2.550000000000000044e-01 1.022811954684610614e+00
2.625000000000000111e-01 1.074793178948680206e+00
2.700000000000000178e-01 1.008678188285959454e+00
2.774999999999999689e-01 9.855732139333611697e-01
2.849999999999999756e-01 9.791901029847811522e-01
2.924999999999999822e-01 9.854942077615368445e-01
2.999999999999999889e-01 1.000000000000000000e+00
3.074999999999999956e-01 1.018515626909199945e+00
3.150000000000000022e-01 1.037601127372677956e+00
3.225000000000000089e-01 1.054648766853720776e+00
3.299999999999999600e-01 1.076849584736609744e+00
3.374999999999999667e-01 1.053698768694289800e+00
3.449999999999999734e-01 1.043036897694298526e+00
3.524999999999999800e-01 1.044065711956291942e+00
3.599999999999999867e-01 1.059273064638582618e+00
3.674999999999999933e-01 1.050782231934304978e+00
3.750000000000000000e-01 1.031682929783121594e+00
3.825000000000000067e-01 1.011030138085723173e+00
3.900000000000000133e-01 9.912390506707524640e-01
3.974999999999999645e-01 9.771179514259837884e-01
4.049999999999999711e-01 9.758310849600979608e-01
4.124999999999999778e-01 9.964568845965225963e-01
4.199999999999999845e-01 1.048619846639214925e+00
4.274999999999999911e-01 1.009784507252645902e+00
4.349999999999999978e-01 9.808152690531727336e-01
4.425000000000000044e-01 1.021410696320102174e+00
4.499999999999999556e-01 1.013300454758006008e+00
4.574999999999999623e-01 1.000331558364976114e+00
4.649999999999999689e-01 1.021015194654811609e+00
4.724999999999999756e-01 1.046956752643777744e+00
4.799999999999999822e-01 1.018709465622320565e+00
4.874999999999999889e-01 1.043785704689438099e+00
4.949999999999999956e-01 nan
5.024999999999999467e-01 nan
5.100000000000000089e-01 nan
5.174999999999999600e-01 nan
5.250000000000000222e-01 nan
5.324999999999999734e-01 nan
5.400000000000000355e-01 nan
5.474999999999999867e-01 nan
5.549999999999999378e-01 nan
5.625000000000000000e-01 nan
5.699999999999999512e-01 nan
5.775000000000000133e-01 nan
5.849999999999999645e-01 nan
5.925000000000000266e-01 nan
5.999999999999999778e-01 nan
