# omega normalized_positive_A_imp_smooth
-3.500000000000000000e+00 1.212221690278510004e-03
-3.486215538847117656e+00 1.221675063282667058e-03
-3.472431077694235757e+00 1.234403362453956191e-03
-3.458646616541353414e+00 1.249019165906143942e-03
-3.444862155388471070e+00 1.264488715807382145e-03
-3.431077694235589171e+00 1.280388213913834054e-03
-3.417293233082706827e+00 1.296616694782163010e-03
-3.403508771929824483e+00 1.313165051687080215e-03
-3.389724310776942140e+00 1.330039909573634818e-03
-3.375939849624060241e+00 1.347250081418411433e-03
-3.362155388471177897e+00 1.364804684145033654e-03
-3.348370927318295553e+00 1.382713151442212978e-03
-3.334586466165413654e+00 1.400985247222799298e-03
-3.320802005012531311e+00 1.419631079760998778e-03
-3.307017543859648967e+00 1.438661116547365658e-03
-3.293233082706767068e+00 1.458086199903828447e-03
-3.279448621553884724e+00 1.477917563403828181e-03
-3.265664160401002380e+00 1.498166849145709904e-03
-3.251879699248120481e+00 1.518846125930773533e-03
-3.238095238095238138e+00 1.539967908400932759e-03
-3.224310776942355794e+00 1.561545177194719955e-03
-3.210526315789473450e+00 1.583591400184491743e-03
-3.196741854636591551e+00 1.606120554862091546e-03
-3.182957393483709208e+00 1.629147151945006767e-03
-3.169172932330827308e+00 1.652686260280206458e-03
-3.155388471177944965e+00 1.676753533128406883e-03
-3.141604010025062621e+00 1.701365235917522752e-03
-3.127819548872180277e+00 1.726538275560586620e-03
-3.114035087719298378e+00 1.752290231440437442e-03
-3.100250626566416035e+00 1.778639388171127014e-03
-3.086466165413533691e+00 1.805604770254248988e-03
-3.072681704260651792e+00 1.833206178757373255e-03
-3.058897243107769448e+00 1.861464230151488970e-03
-3.045112781954887105e+00 1.890400397454941768e-03
-3.031328320802005205e+00 1.920037053842823518e-03
-3.017543859649122862e+00 1.950397518893292031e-03
-3.003759398496240518e+00 1.981506107655869094e-03
-2.989974937343358619e+00 2.013388182741595797e-03
-2.976190476190476275e+00 2.046070209651067867e-03
-2.962406015037593932e+00 2.079579815573986620e-03
-2.948621553884711588e+00 2.113945851913089438e-03
-2.934837092731829689e+00 2.149198460806334230e-03
-2.921052631578947345e+00 2.185369145944198940e-03
-2.907268170426065446e+00 2.222490848004077257e-03
-2.893483709273183102e+00 2.260598025051325545e-03
-2.879699248120300759e+00 2.299726738286671148e-03
-2.865914786967418415e+00 2.339914743552855367e-03
-2.852130325814536516e+00 2.381201589049739432e-03
-2.838345864661654172e+00 2.423628719747094543e-03
-2.824561403508771829e+00 2.467239589028305275e-03
-2.810776942355889929e+00 2.512079778146643436e-03
-2.796992481203007586e+00 2.558197124129189901e-03
-2.783208020050125242e+00 2.605641856822406982e-03
-2.769423558897242899e+00 2.654466745838424731e-03
-2.755639097744360999e+00 2.704727258233084308e-03
-2.741854636591478656e+00 2.756481727826395802e-03
-2.728070175438596756e+00 2.809791537164295101e-03
-2.714285714285714413e+00 2.864721313218453105e-03
-2.700501253132832069e+00 2.921339138029509491e-03
-2.686716791979949726e+00 2.979716775619911922e-03
-2.672932330827067826e+00 3.039929916636915051e-03
-2.659147869674185483e+00 3.102058442336060127e-03
-2.645363408521303583e+00 3.166186709682502522e-03
-2.631578947368421240e+00 3.232403859534116203e-03
-2.617794486215538896e+00 3.300804150078964945e-03
-2.604010025062656553e+00 3.371487317933338779e-03
-2.590225563909774209e+00 3.444558969568490940e-03
-2.576441102756892310e+00 3.520131006028287806e-03
-2.562656641604009966e+00 3.598322084230603547e-03
-2.548872180451128067e+00 3.679258118517486544e-03
-2.535087719298245723e+00 3.763072826538786751e-03
-2.521303258145363380e+00 3.849908324027757726e-03
-2.507518796992481036e+00 3.939915773562970187e-03
-2.493734335839599137e+00 4.033256093017707072e-03
-2.479949874686716793e+00 4.130100730086424740e-03
-2.466165413533834894e+00 4.230632510060000975e-03
-2.452380952380952550e+00 4.335046564911702004e-03
-2.438596491228070207e+00 4.443551352770636932e-03
-2.424812030075187863e+00 4.556369778018567324e-03
-2.411027568922305520e+00 4.673740423571967444e-03
-2.397243107769423620e+00 4.795918908431368033e-03
-2.383458646616541721e+00 4.923179385325602772e-03
-2.369674185463659377e+00 5.055816195287365575e-03
-2.355889724310777034e+00 5.194145698312503147e-03
-2.342105263157894690e+00 5.338508301931423061e-03
-2.328320802005012347e+00 5.489270712619354238e-03
-2.314536340852130447e+00 5.646828438567473574e-03
-2.300751879699248104e+00 5.811608576518287328e-03
-2.286967418546366204e+00 5.984072920242998125e-03
-2.273182957393483861e+00 6.164721433934225100e-03
-2.259398496240601517e+00 6.354096140459572842e-03
-2.245614035087719174e+00 6.552785482257033993e-03
-2.231829573934837274e+00 6.761429221879698866e-03
-2.218045112781954931e+00 6.980723960090765012e-03
-2.204260651629073031e+00 7.211429362308114169e-03
-2.190476190476190688e+00 7.454375199513891583e-03
-2.176691729323308344e+00 7.710469327986603331e-03
-2.162907268170426001e+00 7.980706754007915738e-03
-2.149122807017543657e+00 8.266179955819196595e-03
-2.135338345864661758e+00 8.568090666518290641e-03
-2.121553884711779414e+00 8.887763359498083993e-03
-2.107769423558897515e+00 9.226660723942580605e-03
-2.093984962406015171e+00 9.586401473710736906e-03
-2.080200501253132828e+00 9.968780901050721885e-03
-2.066416040100250484e+00 1.037579467004282226e-02
-2.052631578947368585e+00 1.080966644735260537e-02
-2.038847117794486241e+00 1.127288009476968417e-02
-2.025062656641604342e+00 1.176821730553313967e-02
-2.011278195488721998e+00 1.229880176292563743e-02
-1.997493734335839655e+00 1.286815114590247888e-02
-1.983709273182957533e+00 1.348023861683146814e-02
-1.969924812030075190e+00 1.413956581951565476e-02
-1.956140350877193068e+00 1.485124991646157716e-02
-1.942355889724310947e+00 1.562112783613115938e-02
-1.928571428571428603e+00 1.645588172848493763e-02
-1.914786967418546482e+00 1.736319070124366440e-02
-1.901002506265664138e+00 1.835191531298116518e-02
-1.887218045112782017e+00 1.943232314676390793e-02
-1.873433583959899895e+00 2.061636623842252880e-02
-1.859649122807017552e+00 2.191802440931266832e-02
-1.845864661654135430e+00 2.335373296954946706e-02
-1.832080200501253309e+00 2.494291926410824312e-02
-1.818295739348370965e+00 2.670868078024440928e-02
-1.804511278195488844e+00 2.867864896775045025e-02
-1.790726817042606722e+00 3.088609894134017320e-02
-1.776942355889724379e+00 3.337138792341914906e-02
-1.763157894736842257e+00 3.618383779858545118e-02
-1.749373433583959914e+00 3.938422431315445615e-02
-1.735588972431077792e+00 4.304810474223987743e-02
-1.721804511278195671e+00 4.727031900502496470e-02
-1.708020050125313327e+00 5.217115490164014879e-02
-1.694235588972431206e+00 5.790490638324532341e-02
-1.680451127819548862e+00 6.467192322962640738e-02
-1.666666666666666741e+00 7.273583046317708134e-02
-1.652882205513784619e+00 8.244851456937880851e-02
-1.639097744360902276e+00 9.428693319512161664e-02
-1.625313283208020154e+00 1.089080997106309096e-01
-1.611528822055138033e+00 1.272320582013490020e-01
-1.597744360902255689e+00 1.505672987745121372e-01
-1.583959899749373568e+00 1.807969784668860547e-01
-1.570175438596491446e+00 2.206385028582475705e-01
-1.556390977443609103e+00 2.739368963495988352e-01
-1.542606516290726981e+00 3.457554416384321927e-01
-1.528822055137844638e+00 4.414804990623527603e-01
-1.515037593984962516e+00 5.633471474837723481e-01
-1.501253132832080395e+00 7.038023456842409376e-01
-1.487468671679198273e+00 8.410334701177334393e-01
-1.473684210526315930e+00 9.463448290961590237e-01
-1.459899749373433586e+00 1.000000000000000000e+00
-1.446115288220551687e+00 9.958085120381909849e-01
-1.432330827067669343e+00 9.336736177011026871e-01
-1.418546365914787000e+00 8.217016019816864025e-01
-1.404761904761905100e+00 6.830671740706919515e-01
-1.390977443609022757e+00 5.465585686161911205e-01
-1.377192982456140413e+00 4.306450311668363340e-01
-1.363408521303258070e+00 3.400619179498735045e-01
-1.349624060150376170e+00 2.718832707046819341e-01
-1.335839598997493827e+00 2.211203950042965050e-01
-1.322055137844611483e+00 1.831895249840335138e-01
-1.308270676691729584e+00 1.545386080507341886e-01
-1.294486215538847240e+00 1.326042849666917156e-01
-1.280701754385964897e+00 1.155865877068569525e-01
-1.266917293233082997e+00 1.022282712029706914e-01
-1.253132832080200654e+00 9.164561284622042836e-02
-1.239348370927318310e+00 8.321040534557469504e-02
-1.225563909774436411e+00 7.647069978243432875e-02
-1.211779448621554067e+00 7.109847859276482995e-02
-1.197994987468671724e+00 6.685706775379594846e-02
-1.184210526315789380e+00 6.358489490853808102e-02
-1.170426065162907481e+00 6.118486348329442437e-02
-1.156641604010025137e+00 5.958959266930145826e-02
-1.142857142857142794e+00 5.869762053085313125e-02
-1.129072681704260894e+00 5.836173297051287789e-02
-1.115288220551378551e+00 5.849099123900439179e-02
-1.101503759398496207e+00 5.914683946658261249e-02
-1.087719298245614308e+00 6.048548505250051638e-02
-1.073934837092731964e+00 6.263351630814578686e-02
-1.060150375939849621e+00 6.566995622632650076e-02
-1.046365914786967721e+00 6.969448902739112939e-02
-1.032581453634085378e+00 7.487537765974801307e-02
-1.018796992481203034e+00 8.146498467438684221e-02
-1.005012531328321135e+00 8.981846835335020873e-02
-9.912280701754387913e-01 1.004316625717971562e-01
-9.774436090225564477e-01 1.140027384665055626e-01
-9.636591478696745483e-01 1.315252623513698815e-01
-9.498746867167922048e-01 1.544230188409707605e-01
-9.360902255639098613e-01 1.847284107550402066e-01
-9.223057644110275177e-01 2.252677192307648568e-01
-9.085213032581456183e-01 2.796969695677922751e-01
-8.947368421052632748e-01 3.519834619134664666e-01
-8.809523809523809312e-01 4.444051773329869559e-01
-8.671679197994990318e-01 5.531133147012134987e-01
-8.533834586466166883e-01 6.634582239488638900e-01
-8.395989974937343447e-01 7.531436414640888533e-01
-8.258145363408524453e-01 8.057891544930454453e-01
-8.120300751879701018e-01 8.188407272331013065e-01
-7.982456140350877583e-01 7.950764490055092226e-01
-7.844611528822058588e-01 7.356421241533370736e-01
-7.706766917293235153e-01 6.471418702686477786e-01
-7.568922305764411718e-01 5.462377319452458302e-01
-7.431077694235588282e-01 4.506356969620168296e-01
-7.293233082706769288e-01 3.694644554772212319e-01
-7.155388471177945853e-01 3.034597728037091713e-01
-7.017543859649122417e-01 2.499844305111819098e-01
-6.879699248120303423e-01 2.064036964100346705e-01
-6.741854636591479988e-01 1.709432226362284091e-01
-6.604010025062656553e-01 1.423898697172834849e-01
-6.466165413533837558e-01 1.196789294040562779e-01
-6.328320802005014123e-01 1.017392694600990632e-01
-6.190476190476190688e-01 8.754974456580486009e-02
-6.052631578947371693e-01 7.623420030511635082e-02
-5.914786967418548258e-01 6.710215065954214242e-02
-5.776942355889724823e-01 5.963580747406226068e-02
-5.639097744360905828e-01 5.345452180723461733e-02
-5.501253132832082393e-01 4.827863727718518377e-02
-5.363408521303258958e-01 4.390076215798547482e-02
-5.225563909774439963e-01 4.016502382771144214e-02
-5.087719298245616528e-01 3.695258939854646069e-02
-4.949874686716793093e-01 3.417161512909314830e-02
-4.812030075187969658e-01 3.175021862323730570e-02
-4.674185463659150663e-01 2.963150275304629599e-02
-4.536340852130327228e-01 2.776998228680560565e-02
-4.398496240601503793e-01 2.612898168535868551e-02
-4.260651629072684798e-01 2.467871523594271713e-02
-4.122807017543861363e-01 2.339485398390230009e-02
-3.984962406015037928e-01 2.225744535839952257e-02
-3.847117794486218934e-01 2.125009235625109974e-02
-3.709273182957395498e-01 2.035932688950300995e-02
-3.571428571428572063e-01 1.957413102123813087e-02
-3.433583959899753069e-01 1.888557326786476434e-02
-3.295739348370929633e-01 1.828655141369247769e-02
-3.157894736842106198e-01 1.777169327864343285e-02
-3.020050125313282763e-01 1.733774566505861398e-02
-2.882205513784463768e-01 1.698488004583884742e-02
-2.744360902255640333e-01 1.671744353122275525e-02
-2.606516290726816898e-01 1.653917759623623612e-02
-2.468671679197997904e-01 1.644352292181788106e-02
-2.330827067669174468e-01 1.641449117219418927e-02
-2.192982456140351033e-01 1.644601636803909306e-02
-2.055137844611532039e-01 1.655684025793893385e-02
-1.917293233082708603e-01 1.677955154390994852e-02
-1.779448621553885168e-01 1.714125319158310914e-02
-1.641604010025066174e-01 1.766256321857801598e-02
-1.503759398496242738e-01 1.836984649935748115e-02
-1.365914786967419303e-01 1.930307333928281757e-02
-1.228070175438600309e-01 2.051599239722043735e-02
-1.090225563909776874e-01 2.207076843924609885e-02
-9.523809523809534383e-02 2.402565661526404397e-02
-8.145363408521344439e-02 2.641823564588635653e-02
-6.766917293233110087e-02 2.925947297892028676e-02
-5.388471177944875734e-02 3.255960139599672204e-02
-4.010025062656641381e-02 3.638690124352923078e-02
-2.631578947368451438e-02 4.092711777708309823e-02
-1.253132832080217085e-02 4.650483064014661327e-02
1.253132832080172676e-03 5.355519184025819140e-02
1.503759398496207211e-02 6.254849672842981156e-02
2.882205513784441564e-02 7.385246554428065435e-02
4.260651629072675917e-02 8.752563607247956790e-02
5.639097744360865860e-02 1.031205015079998816e-01
7.017543859649100213e-02 1.196801481555422458e-01
8.395989974937334566e-02 1.360826600688639920e-01
9.774436090225524509e-02 1.515603570968016567e-01
1.115288220551375886e-01 1.657804243110861109e-01
1.253132832080199321e-01 1.781637645540497250e-01
1.390977443609022757e-01 1.873738457672731450e-01
1.528822055137841751e-01 1.918748333922110638e-01
1.666666666666665186e-01 1.904213892170461553e-01
1.804511278195488622e-01 1.818403766939648558e-01
1.942355889724307616e-01 1.658466182366787334e-01
2.080200501253131051e-01 1.445076841861800410e-01
2.218045112781954487e-01 1.216470920851533272e-01
2.355889724310773481e-01 1.006109788372974295e-01
2.493734335839596916e-01 8.300546844647635480e-02
2.631578947368420351e-01 6.898417643069697236e-02
2.769423558897239346e-01 5.802275072195867828e-02
2.907268170426062781e-01 4.945445606464219518e-02
3.045112781954886216e-01 4.269470767249570337e-02
3.182957393483705211e-01 3.729249780105117068e-02
3.320802005012528646e-01 3.291475327858363331e-02
3.458646616541352081e-01 2.931692667153662502e-02
3.596491228070171076e-01 2.632067914561015548e-02
3.734335839598994511e-01 2.379932888493742349e-02
3.872180451127817946e-01 2.166136349507103570e-02
4.010025062656641381e-01 1.983089734851849889e-02
4.147869674185460376e-01 1.824043154909748068e-02
4.285714285714283811e-01 1.684187420669198271e-02
4.423558897243107246e-01 1.561302151965760811e-02
4.561403508771926241e-01 1.454054221255221546e-02
4.699248120300749676e-01 1.359833879453289582e-02
4.837092731829573111e-01 1.275049820171274967e-02
4.974937343358392106e-01 1.197353163408681857e-02
5.112781954887219982e-01 1.126715568986125064e-02
5.250626566416034535e-01 1.064003484673375043e-02
5.388471177944857970e-01 1.008723161653645936e-02
5.526315789473681406e-01 9.583757051067648414e-03
5.664160401002504841e-01 9.101486052735138083e-03
5.802005012531328276e-01 8.632374519678963007e-03
5.939849624060151712e-01 8.193459265994355173e-03
6.077694235588966265e-01 7.809313406443683415e-03
6.215538847117789700e-01 7.490956011581935935e-03
6.353383458646613136e-01 7.227985410077441761e-03
6.491228070175436571e-01 6.993139281039224657e-03
6.629072681704260006e-01 6.752654621553611826e-03
6.766917293233083441e-01 6.480917506858271601e-03
6.904761904761897995e-01 6.175048484081123099e-03
7.042606516290721430e-01 5.857720606230594658e-03
7.180451127819544865e-01 5.563768757542194958e-03
7.318295739348368301e-01 5.321972310112874083e-03
7.456140350877191736e-01 5.145087893829250643e-03
7.593984962406015171e-01 5.029514187480273180e-03
7.731829573934838606e-01 4.958866404352192496e-03
7.869674185463653160e-01 4.907863498489671572e-03
8.007518796992476595e-01 4.846651452190358506e-03
8.145363408521300030e-01 4.747387630697451344e-03
8.283208020050123466e-01 4.594018576274059781e-03
8.421052631578946901e-01 4.390788255558858433e-03
8.558897243107770336e-01 4.160981846311564460e-03
8.696741854636584890e-01 3.934562459865422607e-03
8.834586466165408325e-01 3.734802414280892751e-03
8.972431077694231760e-01 3.573762367515610251e-03
9.110275689223055195e-01 3.455708885663640560e-03
9.248120300751878631e-01 3.380227138981791325e-03
9.385964912280702066e-01 3.341072311698859484e-03
9.523809523809525501e-01 3.326365285568471612e-03
9.661654135338340055e-01 3.323837073445198333e-03
9.799498746867163490e-01 3.325107803107426371e-03
9.937343358395986925e-01 3.324579322778785286e-03
1.007518796992481036e+00 3.314760458082785608e-03
1.021303258145363380e+00 3.281542717288990062e-03
1.035087719298245723e+00 3.207309273169509783e-03
1.048872180451127178e+00 3.085589462915120859e-03
1.062656641604009522e+00 2.931280566402977121e-03
1.076441102756891866e+00 2.770958274398173035e-03
1.090225563909774209e+00 2.625447395851307399e-03
1.104010025062656553e+00 2.503127987586189866e-03
1.117794486215538896e+00 2.403690016434660917e-03
1.131578947368421240e+00 2.323601787811054899e-03
1.145363408521302695e+00 2.259345818985998653e-03
1.159147869674185038e+00 2.208750663796064332e-03
1.172932330827067382e+00 2.171259199994697922e-03
1.186716791979949726e+00 2.147074504355393938e-03
1.200501253132832069e+00 2.135799327030541827e-03
1.214285714285714413e+00 2.136906477681089610e-03
1.228070175438595868e+00 2.151589283175676243e-03
1.241854636591478211e+00 2.180943820496372958e-03
1.255639097744360555e+00 2.220077766245614256e-03
1.269423558897242899e+00 2.256665176010520541e-03
1.283208020050125242e+00 2.277930562219713552e-03
1.296992481203007586e+00 2.275819437065145900e-03
1.310776942355889041e+00 2.243873961314904811e-03
1.324561403508771384e+00 2.177087285833278780e-03
1.338345864661653728e+00 2.079957780984197785e-03
1.352130325814536072e+00 1.968764818798155597e-03
1.365914786967418415e+00 1.861664631578132528e-03
1.379699248120300759e+00 1.768997285033329855e-03
1.393483709273183102e+00 1.692632007755873972e-03
1.407268170426064557e+00 1.630180732097067601e-03
1.421052631578946901e+00 1.578366934435305059e-03
1.434837092731829244e+00 1.534387064205224591e-03
1.448621553884711588e+00 1.496161629544393371e-03
1.462406015037593932e+00 1.462223987313966168e-03
1.476190476190476275e+00 1.431550378738113537e-03
1.489974937343357730e+00 1.403420912824045576e-03
1.503759398496240074e+00 1.377321585690087285e-03
1.517543859649122417e+00 1.352878596277957849e-03
1.531328320802004761e+00 1.329814844205797408e-03
1.545112781954887105e+00 1.307920994341660184e-03
1.558897243107769448e+00 1.287036006111506783e-03
1.572681704260650903e+00 1.267033838419936000e-03
1.586466165413533247e+00 1.247814228172026280e-03
1.600250626566415590e+00 1.229296193170895243e-03
1.614035087719297934e+00 1.211413384303057202e-03
1.627819548872180277e+00 1.194110711941933321e-03
1.641604010025062621e+00 1.177341863258168442e-03
1.655388471177944965e+00 1.161067451239385919e-03
1.669172932330826420e+00 1.145253617654748901e-03
1.682957393483708763e+00 1.129870966374389631e-03
1.696741854636591107e+00 1.114893739990925137e-03
1.710526315789473450e+00 1.100299177661204436e-03
1.724310776942355794e+00 1.086067009371398861e-03
1.738095238095238138e+00 1.072179053939656271e-03
1.751879699248119593e+00 1.058618896655222612e-03
1.765664160401001936e+00 1.045371628605219544e-03
1.779448621553884280e+00 1.032423634195538294e-03
1.793233082706766623e+00 1.019762416630727976e-03
1.807017543859648967e+00 1.007376453523288517e-03
1.820802005012531311e+00 9.952550765945701074e-04
1.834586466165413654e+00 9.833883707754259573e-04
1.848370927318295109e+00 9.717670890340121591e-04
1.862155388471177453e+00 9.603825800358793208e-04
1.875939849624059796e+00 9.492267263393253367e-04
1.889724310776942140e+00 9.382918912917366560e-04
1.903508771929824483e+00 9.275708731532084387e-04
1.917293233082706827e+00 9.170568652565029176e-04
1.931077694235588282e+00 9.067446292339829701e-04
1.944862155388470626e+00 8.966391004194328249e-04
1.958646616541352969e+00 8.868038696275976074e-04
1.972431077694235313e+00 8.775083413035948037e-04
1.986215538847117656e+00 8.694107610383408928e-04
2.000000000000000000e+00 8.633951924282101762e-04
