# beta0 smoothed_TK_SBMF_FSR_HWHM_trend_raw_values_in_Fig3_TK_SBMF_HWHM
0.000000000000000000e+00 1.603388345189752512e-02
7.499999999999999722e-03 1.606792756215664683e-02
1.499999999999999944e-02 1.613208679952806909e-02
2.249999999999999917e-02 1.621192168821460750e-02
2.999999999999999889e-02 1.628007365546161808e-02
3.749999999999999861e-02 1.632964522753109493e-02
4.499999999999999833e-02 1.638033685175810730e-02
5.249999999999999806e-02 1.644307510889631008e-02
5.999999999999999778e-02 1.649050611142376110e-02
6.750000000000000444e-02 1.648677621522261910e-02
7.499999999999999722e-02 1.645174228815284717e-02
8.249999999999999001e-02 1.646399909507319584e-02
8.999999999999999667e-02 1.658596156870492666e-02
9.750000000000000333e-02 1.678879277516516846e-02
1.049999999999999961e-01 1.695289576777050944e-02
1.124999999999999889e-01 1.698856826947653040e-02
1.199999999999999956e-01 1.696156902577984973e-02
1.275000000000000022e-01 1.701475345430124644e-02
1.350000000000000089e-01 1.718200053452003523e-02
1.424999999999999878e-01 1.738203840426065516e-02
1.499999999999999944e-01 1.755884942657345155e-02
1.575000000000000011e-01 1.772428128091291591e-02
1.649999999999999800e-01 1.788299152079043941e-02
1.724999999999999867e-01 1.800316639749215825e-02
1.799999999999999933e-01 nan
1.875000000000000000e-01 nan
1.950000000000000067e-01 nan
2.024999999999999856e-01 nan
2.099999999999999922e-01 nan
2.174999999999999989e-01 nan
2.249999999999999778e-01 nan
2.324999999999999845e-01 nan
2.399999999999999911e-01 nan
2.474999999999999978e-01 nan
2.550000000000000044e-01 2.068342741675512769e-02
2.625000000000000111e-01 2.060373649353563694e-02
2.700000000000000178e-01 2.049313067099849117e-02
2.774999999999999689e-01 2.039128474928880025e-02
2.849999999999999756e-01 2.034059231573114718e-02
2.924999999999999822e-01 2.036775789890601929e-02
2.999999999999999889e-01 2.048500709632187361e-02
3.074999999999999956e-01 2.067633155302810166e-02
3.150000000000000022e-01 2.088801517355922885e-02
3.225000000000000089e-01 2.106502162169908432e-02
3.299999999999999600e-01 2.118868382543358242e-02
3.374999999999999667e-01 2.126188150184604719e-02
3.449999999999999734e-01 2.128236630201686339e-02
3.524999999999999800e-01 2.124721940455443978e-02
3.599999999999999867e-01 2.115857503903265796e-02
3.674999999999999933e-01 2.101331311062009516e-02
3.750000000000000000e-01 2.081116172298796974e-02
3.825000000000000067e-01 2.058350643069859626e-02
3.900000000000000133e-01 2.038853060882027737e-02
3.974999999999999645e-01 2.026526620862372646e-02
4.049999999999999711e-01 2.021416051474668463e-02
4.124999999999999778e-01 2.022421382170474721e-02
4.199999999999999845e-01 2.028583052581395263e-02
4.274999999999999911e-01 2.037477328752162337e-02
4.349999999999999978e-01 2.045880798547223059e-02
4.425000000000000044e-01 2.052522308456672731e-02
4.499999999999999556e-01 2.058379748612031504e-02
4.574999999999999623e-01 2.065042493260211068e-02
4.649999999999999689e-01 2.074015263503260417e-02
4.724999999999999756e-01 2.085972306762245987e-02
4.799999999999999822e-01 2.098889274518722647e-02
4.874999999999999889e-01 2.108856034813900299e-02
4.949999999999999956e-01 nan
5.024999999999999467e-01 nan
5.100000000000000089e-01 nan
5.174999999999999600e-01 nan
5.250000000000000222e-01 nan
5.324999999999999734e-01 nan
5.400000000000000355e-01 nan
5.474999999999999867e-01 nan
5.549999999999999378e-01 nan
5.625000000000000000e-01 nan
5.699999999999999512e-01 nan
5.775000000000000133e-01 nan
5.849999999999999645e-01 nan
5.925000000000000266e-01 nan
5.999999999999999778e-01 nan
