# omega normalized_positive_A_imp_smooth
-3.500000000000000000e+00 8.525782857633577416e-04
-3.486215538847117656e+00 8.571510859653029167e-04
-3.472431077694235757e+00 8.632890527062443654e-04
-3.458646616541353414e+00 8.703071349157412992e-04
-3.444862155388471070e+00 8.776960621604940581e-04
-3.431077694235589171e+00 8.852460882051156436e-04
-3.417293233082706827e+00 8.929056275038473219e-04
-3.403508771929824483e+00 9.006679938234522049e-04
-3.389724310776942140e+00 9.085341075825563743e-04
-3.375939849624060241e+00 9.165058597363250677e-04
-3.362155388471177897e+00 9.245851852000192862e-04
-3.348370927318295553e+00 9.327740640974239127e-04
-3.334586466165413654e+00 9.410745230512911584e-04
-3.320802005012531311e+00 9.494886365174386514e-04
-3.307017543859648967e+00 9.580185281642137956e-04
-3.293233082706767068e+00 9.666663722991095413e-04
-3.279448621553884724e+00 9.754343953444032230e-04
-3.265664160401002380e+00 9.843248773637658031e-04
-3.251879699248120481e+00 9.933401536418879491e-04
-3.238095238095238138e+00 1.002482616319247443e-03
-3.224310776942355794e+00 1.011754716084261891e-03
-3.210526315789473450e+00 1.021158963925146174e-03
-3.196741854636591551e+00 1.030697932943931867e-03
-3.182957393483709208e+00 1.040374260235191846e-03
-3.169172932330827308e+00 1.050190648832153911e-03
-3.155388471177944965e+00 1.060149869723002848e-03
-3.141604010025062621e+00 1.070254763940304762e-03
-3.127819548872180277e+00 1.080508244726628708e-03
-3.114035087719298378e+00 1.090913299779587868e-03
-3.100250626566416035e+00 1.101472993579675390e-03
-3.086466165413533691e+00 1.112190469804436987e-03
-3.072681704260651792e+00 1.123068953832689985e-03
-3.058897243107769448e+00 1.134111755342687849e-03
-3.045112781954887105e+00 1.145322271008313497e-03
-3.031328320802005205e+00 1.156703987297590282e-03
-3.017543859649122862e+00 1.168260483378017259e-03
-3.003759398496240518e+00 1.179995434133451065e-03
-2.989974937343358619e+00 1.191912613297508314e-03
-2.976190476190476275e+00 1.204015896708704805e-03
-2.962406015037593932e+00 1.216309265692813290e-03
-2.948621553884711588e+00 1.228796810578216409e-03
-2.934837092731829689e+00 1.241482734350310944e-03
-2.921052631578947345e+00 1.254371356451348040e-03
-2.907268170426065446e+00 1.267467116732424060e-03
-2.893483709273183102e+00 1.280774579564689141e-03
-2.879699248120300759e+00 1.294298438117211496e-03
-2.865914786967418415e+00 1.308043518809343629e-03
-2.852130325814536516e+00 1.322014785945837970e-03
-2.838345864661654172e+00 1.336217346543425036e-03
-2.824561403508771829e+00 1.350656455358023632e-03
-2.810776942355889929e+00 1.365337520122267192e-03
-2.796992481203007586e+00 1.380266107003546867e-03
-2.783208020050125242e+00 1.395447946293353753e-03
-2.769423558897242899e+00 1.410888938339293318e-03
-2.755639097744360999e+00 1.426595159731778705e-03
-2.741854636591478656e+00 1.442572869758103034e-03
-2.728070175438596756e+00 1.458828517137294046e-03
-2.714285714285714413e+00 1.475368747049929851e-03
-2.700501253132832069e+00 1.492200408477916589e-03
-2.686716791979949726e+00 1.509330561870082929e-03
-2.672932330827067826e+00 1.526766487150386584e-03
-2.659147869674185483e+00 1.544515692086508756e-03
-2.645363408521303583e+00 1.562585921037660001e-03
-2.631578947368421240e+00 1.580985164101548135e-03
-2.617794486215538896e+00 1.599721666681659226e-03
-2.604010025062656553e+00 1.618803939497266697e-03
-2.590225563909774209e+00 1.638240769059959171e-03
-2.576441102756892310e+00 1.658041228641939872e-03
-2.562656641604009966e+00 1.678214689762889738e-03
-2.548872180451128067e+00 1.698770834223869508e-03
-2.535087719298245723e+00 1.719719666718515227e-03
-2.521303258145363380e+00 1.741071528053684181e-03
-2.507518796992481036e+00 1.762837109013758261e-03
-2.493734335839599137e+00 1.785027464904998190e-03
-2.479949874686716793e+00 1.807654030818692551e-03
-2.466165413533834894e+00 1.830728637654355532e-03
-2.452380952380952550e+00 1.854263528946946231e-03
-2.438596491228070207e+00 1.878271378544957683e-03
-2.424812030075187863e+00 1.902765309189367740e-03
-2.411027568922305520e+00 1.927758912046770474e-03
-2.397243107769423620e+00 1.953266267253627592e-03
-2.383458646616541721e+00 1.979301965532437139e-03
-2.369674185463659377e+00 2.005881130944802467e-03
-2.355889724310777034e+00 2.033019444850876246e-03
-2.342105263157894690e+00 2.060733171149494673e-03
-2.328320802005012347e+00 2.089039182878547809e-03
-2.314536340852130447e+00 2.117954990260761863e-03
-2.300751879699248104e+00 2.147498770286172375e-03
-2.286967418546366204e+00 2.177689397929121525e-03
-2.273182957393483861e+00 2.208546479104748095e-03
-2.259398496240601517e+00 2.240090385477613941e-03
-2.245614035087719174e+00 2.272342291243448307e-03
-2.231829573934837274e+00 2.305324212014007567e-03
-2.218045112781954931e+00 2.339059045944818799e-03
-2.204260651629073031e+00 2.373570617256199906e-03
-2.190476190476190688e+00 2.408883722309437207e-03
-2.176691729323308344e+00 2.445024178412517901e-03
-2.162907268170426001e+00 2.482018875543402434e-03
-2.149122807017543657e+00 2.519895831193600787e-03
-2.135338345864661758e+00 2.558684248550914097e-03
-2.121553884711779414e+00 2.598414578257729306e-03
-2.107769423558897515e+00 2.639118584000359549e-03
-2.093984962406015171e+00 2.680829412205781252e-03
-2.080200501253132828e+00 2.723581666144883704e-03
-2.066416040100250484e+00 2.767411484766224995e-03
-2.052631578947368585e+00 2.812356626611489923e-03
-2.038847117794486241e+00 2.858456559193651558e-03
-2.025062656641604342e+00 2.905752554251435707e-03
-2.011278195488721998e+00 2.954287789329494446e-03
-1.997493734335839655e+00 3.004107456172940786e-03
-1.983709273182957533e+00 3.055258876468028295e-03
-1.969924812030075190e+00 3.107791625508194659e-03
-1.956140350877193068e+00 3.161757664416832599e-03
-1.942355889724310947e+00 3.217211481615687638e-03
-1.928571428571428603e+00 3.274210244291100858e-03
-1.914786967418546482e+00 3.332813960680322193e-03
-1.901002506265664138e+00 3.393085654077358359e-03
-1.887218045112782017e+00 3.455091549543327922e-03
-1.873433583959899895e+00 3.518901274400899198e-03
-1.859649122807017552e+00 3.584588073697274942e-03
-1.845864661654135430e+00 3.652229041936568693e-03
-1.832080200501253309e+00 3.721905372511660152e-03
-1.818295739348370965e+00 3.793702626409376985e-03
-1.804511278195488844e+00 3.867711021922881284e-03
-1.790726817042606722e+00 3.944025747283559126e-03
-1.776942355889724379e+00 4.022747298323798952e-03
-1.763157894736842257e+00 4.103981843504560072e-03
-1.749373433583959914e+00 4.187841618890571910e-03
-1.735588972431077792e+00 4.274445355934941224e-03
-1.721804511278195671e+00 4.363918745247855231e-03
-1.708020050125313327e+00 4.456394939875591224e-03
-1.694235588972431206e+00 4.552015102011535037e-03
-1.680451127819548862e+00 4.650928997506466669e-03
-1.666666666666666741e+00 4.753295643048054304e-03
-1.652882205513784619e+00 4.859284011447595648e-03
-1.639097744360902276e+00 4.969073801114900178e-03
-1.625313283208020154e+00 5.082856276530990126e-03
-1.611528822055138033e+00 5.200835187355678721e-03
-1.597744360902255689e+00 5.323227774748147401e-03
-1.583959899749373568e+00 5.450265874550649058e-03
-1.570175438596491446e+00 5.582197128208989112e-03
-1.556390977443609103e+00 5.719286313702248714e-03
-1.542606516290726981e+00 5.861816810356544616e-03
-1.528822055137844638e+00 6.010092213256507804e-03
-1.515037593984962516e+00 6.164438115082698094e-03
-1.501253132832080395e+00 6.325204075639623974e-03
-1.487468671679198273e+00 6.492765802152256245e-03
-1.473684210526315930e+00 6.667527566664101409e-03
-1.459899749373433586e+00 6.849924890644835951e-03
-1.446115288220551687e+00 7.040427531303159597e-03
-1.432330827067669343e+00 7.239542809212206644e-03
-1.418546365914787000e+00 7.447819322824722303e-03
-1.404761904761905100e+00 7.665851102444341640e-03
-1.390977443609022757e+00 7.894282264423258325e-03
-1.377192982456140413e+00 8.133812236011884328e-03
-1.363408521303258070e+00 8.385201632680784611e-03
-1.349624060150376170e+00 8.649278883221147088e-03
-1.335839598997493827e+00 8.926947713937656570e-03
-1.322055137844611483e+00 9.219195622306905133e-03
-1.308270676691729584e+00 9.527103493238190182e-03
-1.294486215538847240e+00 9.851856538351225559e-03
-1.280701754385964897e+00 1.019475677148285256e-02
-1.266917293233082997e+00 1.055723727320796550e-02
-1.253132832080200654e+00 1.094087854508355578e-02
-1.239348370927318310e+00 1.134742731258144358e-02
-1.225563909774436411e+00 1.177881820677319225e-02
-1.211779448621554067e+00 1.223719884195770095e-02
-1.197994987468671724e+00 1.272495891364998355e-02
-1.184210526315789380e+00 1.324476407390607312e-02
-1.170426065162907481e+00 1.379959550559200360e-02
-1.156641604010025137e+00 1.439279632267257206e-02
-1.142857142857142794e+00 1.502812618133396970e-02
-1.129072681704260894e+00 1.570982581178425805e-02
-1.115288220551378551e+00 1.644269359275539813e-02
-1.101503759398496207e+00 1.723217681648844118e-02
-1.087719298245614308e+00 1.808448096673775582e-02
-1.073934837092731964e+00 1.900670120389773635e-02
-1.060150375939849621e+00 2.000698138478892996e-02
-1.046365914786967721e+00 2.109470742915972585e-02
-1.032581453634085378e+00 2.228074380397192938e-02
-1.018796992481203034e+00 2.357772450226806524e-02
-1.005012531328321135e+00 2.500041338848384836e-02
-9.912280701754387913e-01 2.656615351164466621e-02
-9.774436090225564477e-01 2.829543144817400421e-02
-9.636591478696745483e-01 3.021259164817206508e-02
-9.498746867167922048e-01 3.234674818305127708e-02
-9.360902255639098613e-01 3.473295880532160929e-02
-9.223057644110275177e-01 3.741375120834312257e-02
-9.085213032581456183e-01 4.044112743844940905e-02
-8.947368421052632748e-01 4.387922516323824323e-02
-8.809523809523809312e-01 4.780789270036154420e-02
-8.671679197994990318e-01 5.232755223385492788e-02
-8.533834586466166883e-01 5.756590466075196810e-02
-8.395989974937343447e-01 6.368730560988766776e-02
-8.258145363408524453e-01 7.090607216666619528e-02
-8.120300751879701018e-01 7.950565191633174322e-02
-7.982456140350877583e-01 8.986662619141222441e-02
-7.844611528822058588e-01 1.025080663402478387e-01
-7.706766917293235153e-01 1.181488054319122932e-01
-7.568922305764411718e-01 1.377969731075263937e-01
-7.431077694235588282e-01 1.628745460975619119e-01
-7.293233082706769288e-01 1.953704046846032050e-01
-7.155388471177945853e-01 2.379767051241528097e-01
-7.017543859649122417e-01 2.940942643642238119e-01
-6.879699248120303423e-01 3.675097267949281044e-01
-6.741854636591479988e-01 4.614779868190119760e-01
-6.604010025062656553e-01 5.766010122039916252e-01
-6.466165413533837558e-01 7.067012210314138621e-01
-6.328320802005014123e-01 8.346615608581599011e-01
-6.190476190476190688e-01 9.360293567946037507e-01
-6.052631578947371693e-01 9.926312719174124055e-01
-5.914786967418548258e-01 1.000000000000000000e+00
-5.776942355889724823e-01 9.599395793714423641e-01
-5.639097744360905828e-01 8.769461940954187407e-01
-5.501253132832082393e-01 7.651417744183722780e-01
-5.363408521303258958e-01 6.472540164197523316e-01
-5.225563909774439963e-01 5.425605789727904193e-01
-5.087719298245616528e-01 4.596058994788504437e-01
-4.949874686716793093e-01 3.988242073200027882e-01
-4.812030075187969658e-01 3.574624658553797185e-01
-4.674185463659150663e-01 3.312289432060510075e-01
-4.536340852130327228e-01 3.132901443018969445e-01
-4.398496240601503793e-01 2.943923454482766378e-01
-4.260651629072684798e-01 2.676182332332703862e-01
-4.122807017543861363e-01 2.347128255581141798e-01
-3.984962406015037928e-01 2.046984269217747843e-01
-3.847117794486218934e-01 1.851980896948638156e-01
-3.709273182957395498e-01 1.774273434291464557e-01
-3.571428571428572063e-01 1.780802707096210413e-01
-3.433583959899753069e-01 1.839804110878663079e-01
-3.295739348370929633e-01 1.953616500302845504e-01
-3.157894736842106198e-01 2.148004945182543091e-01
-3.020050125313282763e-01 2.437598396238156717e-01
-2.882205513784463768e-01 2.803837020662185986e-01
-2.744360902255640333e-01 3.187377184920969220e-01
-2.606516290726816898e-01 3.502767022883487846e-01
-2.468671679197997904e-01 3.684334672567098345e-01
-2.330827067669174468e-01 3.713202443995169966e-01
-2.192982456140351033e-01 3.591529359312097269e-01
-2.055137844611532039e-01 3.326268015801878142e-01
-1.917293233082708603e-01 2.954355063978442164e-01
-1.779448621553885168e-01 2.547421719306499632e-01
-1.641604010025066174e-01 2.172852896244564513e-01
-1.503759398496242738e-01 1.863024086098156173e-01
-1.365914786967419303e-01 1.619657264276053443e-01
-1.228070175438600309e-01 1.431630004680064239e-01
-1.090225563909776874e-01 1.286349119517739559e-01
-9.523809523809534383e-02 1.173479228942405916e-01
-8.145363408521344439e-02 1.085310760284757398e-01
-6.766917293233110087e-02 1.016246160016242989e-01
-5.388471177944875734e-02 9.623124348335111711e-02
-4.010025062656641381e-02 9.209869258244819668e-02
-2.631578947368451438e-02 8.908625514725736216e-02
-1.253132832080217085e-02 8.704128174210036539e-02
1.253132832080172676e-03 8.565961238827472790e-02
1.503759398496207211e-02 8.455834023184886916e-02
2.882205513784441564e-02 8.356479628048477104e-02
4.260651629072675917e-02 8.286999499623795562e-02
5.639097744360865860e-02 8.297824345915087718e-02
7.017543859649100213e-02 8.479589814534960190e-02
8.395989974937334566e-02 8.962181875657114494e-02
9.774436090225524509e-02 9.851385833327667985e-02
1.115288220551375886e-01 1.117223200095489311e-01
1.253132832080199321e-01 1.291279311446853761e-01
1.390977443609022757e-01 1.510463695468755030e-01
1.528822055137841751e-01 1.783849488971959163e-01
1.666666666666665186e-01 2.119573820491502114e-01
1.804511278195488622e-01 2.508969059098800636e-01
1.942355889724307616e-01 2.907632514142822200e-01
2.080200501253131051e-01 3.241200883380484510e-01
2.218045112781954487e-01 3.450808701090518626e-01
2.355889724310773481e-01 3.525390449605026455e-01
2.493734335839596916e-01 3.472485574776271178e-01
2.631578947368420351e-01 3.286602974146252687e-01
2.769423558897239346e-01 2.978414138835702718e-01
2.907268170426062781e-01 2.607165028692908781e-01
3.045112781954886216e-01 2.250402140333779000e-01
3.182957393483705211e-01 1.956395345317354928e-01
3.320802005012528646e-01 1.736993840081514084e-01
3.458646616541352081e-01 1.586610770353593380e-01
3.596491228070171076e-01 1.495209399131511296e-01
3.734335839598994511e-01 1.449867830428063498e-01
3.872180451127817946e-01 1.436626976525716692e-01
4.010025062656641381e-01 1.448734193193433051e-01
4.147869674185460376e-01 1.491951606557608834e-01
4.285714285714283811e-01 1.579212189882452655e-01
4.423558897243107246e-01 1.723307522265123126e-01
4.561403508771926241e-01 1.941067028143353690e-01
4.699248120300749676e-01 2.267795313826501125e-01
4.837092731829573111e-01 2.758116957941476044e-01
4.974937343358392106e-01 3.442733460898663167e-01
5.112781954887219982e-01 4.288283394659035963e-01
5.250626566416034535e-01 5.255162266581113739e-01
5.388471177944857970e-01 6.355373427813790776e-01
5.526315789473681406e-01 7.551687943648456303e-01
5.664160401002504841e-01 8.656783365020386256e-01
5.802005012531328276e-01 9.433665505988072519e-01
5.939849624060151712e-01 9.743827851164726939e-01
6.077694235588966265e-01 9.530253443800266178e-01
6.215538847117789700e-01 8.773558286910781989e-01
6.353383458646613136e-01 7.596316262247020390e-01
6.491228070175436571e-01 6.288698463927888671e-01
6.629072681704260006e-01 5.109061589196645103e-01
6.766917293233083441e-01 4.148883098918577650e-01
6.904761904761897995e-01 3.393265021738184339e-01
7.042606516290721430e-01 2.804155441201459098e-01
7.180451127819544865e-01 2.345561971108212906e-01
7.318295739348368301e-01 1.986523593237336793e-01
7.456140350877191736e-01 1.702339653987427759e-01
7.593984962406015171e-01 1.474549466400751352e-01
7.731829573934838606e-01 1.289415276677421673e-01
7.869674185463653160e-01 1.136685031303224375e-01
8.007518796992476595e-01 1.009205888964171682e-01
8.145363408521300030e-01 9.024892357736867543e-02
8.283208020050123466e-01 8.133076638329686525e-02
8.421052631578946901e-01 7.381195980780201615e-02
8.558897243107770336e-01 6.728795325392904203e-02
8.696741854636584890e-01 6.143484288644380370e-02
8.834586466165408325e-01 5.613192521789066997e-02
8.972431077694231760e-01 5.143934738146113683e-02
9.110275689223055195e-01 4.746041624680470694e-02
9.248120300751878631e-01 4.421011680125361970e-02
9.385964912280702066e-01 4.156140759722603412e-02
9.523809523809525501e-01 3.927317977854589276e-02
9.661654135338340055e-01 3.708519422412877298e-02
9.799498746867163490e-01 3.483739931330391559e-02
9.937343358395986925e-01 3.253019017807164126e-02
1.007518796992481036e+00 3.027673410189947456e-02
1.021303258145363380e+00 2.820133921807662855e-02
1.035087719298245723e+00 2.637724744251334838e-02
1.048872180451127178e+00 2.483052397877679937e-02
1.062656641604009522e+00 2.356712115677989453e-02
1.076441102756891866e+00 2.258064938984145203e-02
1.090225563909774209e+00 2.183499543664247852e-02
1.104010025062656553e+00 2.124150203280466068e-02
1.117794486215538896e+00 2.066061661407803118e-02
1.131578947368421240e+00 1.994949799324696391e-02
1.145363408521302695e+00 1.903579875806870117e-02
1.159147869674185038e+00 1.795636613458055988e-02
1.172932330827067382e+00 1.682306633601967846e-02
1.186716791979949726e+00 1.575016148920582379e-02
1.200501253132832069e+00 1.480575759867562742e-02
1.214285714285714413e+00 1.400907861105875687e-02
1.228070175438595868e+00 1.335187200483792247e-02
1.241854636591478211e+00 1.281823130815689001e-02
1.255639097744360555e+00 1.239346985431795216e-02
1.269423558897242899e+00 1.206404269636817198e-02
1.283208020050125242e+00 1.181400637110891286e-02
1.296992481203007586e+00 1.162428325265137986e-02
1.310776942355889041e+00 1.147793902026905503e-02
1.324561403508771384e+00 1.136527831084487017e-02
1.338345864661653728e+00 1.127641700741398995e-02
1.352130325814536072e+00 1.118148644740133736e-02
1.365914786967418415e+00 1.102177971479945638e-02
1.379699248120300759e+00 1.073460131139036995e-02
1.393483709273183102e+00 1.029778887482665078e-02
1.407268170426064557e+00 9.750076610143170244e-03
1.421052631578946901e+00 9.166197194734533246e-03
1.434837092731829244e+00 8.613465488449238358e-03
1.448621553884711588e+00 8.127237126537937076e-03
1.462406015037593932e+00 7.713398875033495965e-03
1.476190476190476275e+00 7.362458680961268820e-03
1.489974937343357730e+00 7.061082532651457438e-03
1.503759398496240074e+00 6.797470149501364314e-03
1.517543859649122417e+00 6.562658964495315071e-03
1.531328320802004761e+00 6.350209269530318092e-03
1.545112781954887105e+00 6.155546864837121643e-03
1.558897243107769448e+00 5.975392026206432367e-03
1.572681704260650903e+00 5.807348779872783910e-03
1.586466165413533247e+00 5.649627332207448997e-03
1.600250626566415590e+00 5.500859565913201153e-03
1.614035087719297934e+00 5.359976033074010347e-03
1.627819548872180277e+00 5.226122983004761503e-03
1.641604010025062621e+00 5.098605520627378859e-03
1.655388471177944965e+00 4.976848000155382513e-03
1.669172932330826420e+00 4.860365947683261897e-03
1.682957393483708763e+00 4.748745815734643425e-03
1.696741854636591107e+00 4.641630143076031813e-03
1.710526315789473450e+00 4.538706503694472406e-03
1.724310776942355794e+00 4.439699152572196272e-03
1.738095238095238138e+00 4.344362618959964929e-03
1.751879699248119593e+00 4.252476725771880788e-03
1.765664160401001936e+00 4.163842667286660887e-03
1.779448621553884280e+00 4.078279882229678827e-03
1.793233082706766623e+00 3.995623531906801820e-03
1.807017543859648967e+00 3.915722443948102191e-03
1.820802005012531311e+00 3.838437418323966711e-03
1.834586466165413654e+00 3.763639818210369730e-03
1.848370927318295109e+00 3.691210387086442651e-03
1.862155388471177453e+00 3.621038247240260417e-03
1.875939849624059796e+00 3.553020045076577503e-03
1.889724310776942140e+00 3.487059216262894997e-03
1.903508771929824483e+00 3.423065349519568545e-03
1.917293233082706827e+00 3.360953632253351094e-03
1.931077694235588282e+00 3.300651026826560436e-03
1.944862155388470626e+00 3.242143410456657660e-03
1.958646616541352969e+00 3.185742242849118940e-03
1.972431077694235313e+00 3.132893098222728004e-03
1.986215538847117656e+00 3.087174908989295547e-03
2.000000000000000000e+00 3.053382116465783950e-03
